&ELEMENT
 NS=          2,
 NE=          2,
 SYMBOL="Fe","C ",
 NO=          9,          4,
 O= 2*1          , 2*2          , 2*3          , 2*4          ,          5,
           0,          6,          0,          7,          0,          8,
           0,          9,          0,
 Q=  8.0000000000000000     ,  4.0000000000000000     ,
 Q_S= 2*2.0000000000000000       ,
 Q_P=  0.0000000000000000     ,  2.0000000000000000     ,
 Q_D=  6.0000000000000000     ,  0.0000000000000000     ,
 U_LCN= 2*20.000000000000000       ,
 U_LCN_D= 2*0.0000000000000000       ,
 I_STONER_D= 2*0.0000000000000000       ,
 XI_SO_P= 2*0.0000000000000000       ,
 XI_SO_D= 2*0.0000000000000000       ,
 B= 2*0.0000000000000000       ,
 J_DD= 2*0.0000000000000000       ,
 U_DD= 2*0.0000000000000000       ,
 /
