theta= 0
&energy
 en_f = 2.1732690607986189
 en = 3.2113387968882487
 /
theta= 10
&energy
 en_f = 2.1736442477507589
 en = 3.2116809734023217
 /
